
101,동칼,1,0,1000,0,0,5
102,은칼,1,0,1500,0,0,8
103,금칼,1,0,2500,0,0,12
151,동활,2,1,1500,0,0,7,0,0,0,0,1,3
152,은활,2,1,2100,0,0,10,0,0,0,0,0.6,8
153,금활,2,1,3000,0,0,14,0,0,0,0,0,10
176,바스타드소드,1,1,1300,0,0,10,1,-10,0.2,1
177,은스타드소드,1,1,2500,0,0,17,2,-8,0.5,1.1
178,청스타드소드,1,1,3500,0,0,20,3,-5,1,1.2

201,새마을모자,4,500,5,15,0,5,0,
301,철재갑옷,5,1000,12,5,0,7,-7
401,4색방패,3,800,0,0,0,11,0,-0.25
501,철신발,6,1000,20,0,0,5,-3

701,크리링,7,5000,0,0,0,0,0,0,0,0,33
801,회피링,7,5000,0,0,0,0,0,0,0,33,0
901,만능링,7,15000,50,50,20,20,9,0.2,-0.5,0,11
1001,사과?,0,100,20,10,1.5
1002,무화과?,0,500,100,50,1
1003,복숭아,0,200,40,20,1.25
