1,파이어볼트,2,3,7,0.8,1,FireBolt
2,아이스피어,3,3,5,0.65,2,IcePear
3,정전기,4,3,3,0.4,0.5,Static
4,아이스파이어,3,5,5,0.85,3,IceFire
5,스파크,4,5,6,0.6,4,Spark
6,노바,4,8,10,1.4,10,Nova



11,독장판,5,3,10,0.5,8,PoisonField
12,돌팔매질,5,3,15,1.2,11,StoneShower
13,윈드포스,5,3,4,2.4,9,WindForce
14,돈독,5,3,17,0.8,9.5,GoldPoison
15,이클립스,5,5,30,3,12,Eclipse
16,스탑워치,5,3,20,100,19,StopWatch


101,힐,1,3,16,0.5,3,Heal
102,희생,1,2,15,1,2,Sacrifice
103,수리,1,5,25,1,2,Repair
104,베리어,1,2,40,3,5,Barrier
105,헤이스트,1,10,10,1,4,Haste
106,파워업,1,5,10,1,7,PowerUp

1001,돈,0,5,0,0,0,MoneyPower
1002,폭팔,0,4,0,0,0,Explosion